pop	Y	Mean	stdev	rep_1	rep_2	rep_3
Bella	0.0756988272202362	0.12212408726348711	0.003439323499745836	0.12455189341973164	0.12363199683260566	0.11818837153812409
Bella	0.153428877072524	0.15081990470627873	0.002874934969903378	0.14756234979177027	0.1530023093534312	0.15189505497363476
Bella	0.286863621162919	0.17503079030843396	0.006455949578954292	0.1744339858152757	0.18176442007730864	0.1688939650327176
Bella	0.227096481660709	0.12186315823784227	0.0032771658767595264	0.1214688719721702	0.12531962951299902	0.11880097322835759
Caesar	0.457381869301113	0.46526593144483086	0.0019722128948916635	0.46744256509719134	0.4635976808635235	0.46475754837377775
Caesar	0.604409641421861	0.41260410833699274	0.004775710767714819	0.4163051431407875	0.40721322804794774	0.414293953822243
Caesar	0.520130076602277	0.43803492221746204	0.002740725954218331	0.4383087206157597	0.44062847253880305	0.43516757349782337
Caesar	0.534427327282805	0.4444857043134765	0.0015042191443057902	0.442875967337003	0.4458555819910425	0.444725563612384
Center Hill	0.53802188375706	0.44015060426616276	0.0031988407492021392	0.43955389333212974	0.4372921363005717	0.4436057831657868
Center Hill	0.511207057816235	0.4564816837654813	0.002518928152065908	0.4592296744346506	0.45593316374663245	0.4542822131151609
Center Hill	0.459167047065327	0.465213152641253	0.0022647792804591795	0.4676645289064105	0.4631986102799577	0.4647763187373909
Center Hill	0.443738158327438	0.45992278859101093	0.0020984629206052957	0.45766950890035774	0.460277680675782	0.46182117619689317
Center Hill	0.528974034622642	0.4358406161142696	0.002284383823367329	0.43679198444066447	0.4332343021889803	0.4374955617131641
Dalton	0.562695256213395	0.463167262346877	0.0013238215327968938	0.46181939536474015	0.46446565112020805	0.46321674055568285
Dalton	0.450982894323551	0.42452893611547643	0.004094246798464695	0.42831729926813294	0.42018545151289066	0.4250840575654057
Dalton	0.555808325099789	0.47725837527539844	0.0019218023593541756	0.4771014479524535	0.47541984789101166	0.47925382998273003
Dalton	0.399560513454465	0.47397248255063956	0.0007376328711196248	0.47438375432215246	0.4744127908575374	0.473120902472229
Dalton	0.390667632899882	0.46857475076329663	0.0012474021147859831	0.4687428676017509	0.4672518160054288	0.4697295686827101
Gav	0.143619182472759	0.20723207764898446	0.002401180762612479	0.2061103114466909	0.20998884314572627	0.20559707835453622
Gav	0.0545377718182961	0.2153080401653907	0.0026175431350600052	0.21534569210866086	0.2179065542198653	0.21267187416764596
Gen Butler	0.543164441266837	0.4453981437633086	0.003619799144997714	0.4435855290554323	0.4430427388689454	0.4495661633655481
Gen Butler	0.512652964721283	0.47254621824915205	0.0016432926325605185	0.4744378355115035	0.4717298266794802	0.4714709925564725
Gen Butler	0.444661216420713	0.47840421640287784	0.0011364253303493466	0.4782044267590356	0.4773809346558127	0.47962728779378516
Gen Butler	0.403691742533444	0.44508009974369905	0.00361249567759869	0.44856042200943835	0.4453313307659859	0.44134854645567295
HV	0.484836919000158	0.4729950146656734	0.00215967804440833	0.4754499194037789	0.47138770534904734	0.4721474192441939
HV	0.409355627531309	0.435090966583366	0.0016892742519706966	0.4336758327642388	0.43696115755247894	0.43463590943338015
HV	0.619309098621145	0.41955006231028485	0.0034280286953718526	0.41970798449231816	0.4228964006477284	0.41604580179080813
HV	0.520132122195118	0.455009444608617	0.0021096099296548008	0.45689582223557074	0.4554010361672217	0.45273147542305847
HV	0.452583822839331	0.4654924201071531	0.002935758479561242	0.46665488152150386	0.4676689403759407	0.4621534384240147
Hwy 27	0.205935426258769	0.292471316473814	0.007006873945648795	0.2925273148445882	0.2994500234066444	0.28543661117020963
Hwy 27	0.161176919084408	0.2755249210094128	0.004834893099571239	0.2707666691513355	0.28043297373169984	0.27537512014520305
Hwy 27	0.182337974486348	0.23529321165601647	0.0009166174832627396	0.23441013756969128	0.23522945400380946	0.23624004339454863
Hwy 27	0.0756988272202362	0.2602983323455575	0.004719163201863863	0.25674700511448934	0.2656533195702713	0.2584946723519118
Hwy 27	0.273481037728692	0.2151650844165843	0.008405097075289197	0.21199306283692015	0.20880758425919382	0.22469460615363884
KBS	0.317733235867031	0.4393583854277856	0.006357812152919288	0.4329743521338974	0.445689647931413	0.4394111562180465
KBS	0.500917956131659	0.4849488758158668	0.000509747646902515	0.4847502817812001	0.48456831559342073	0.4855280300729796
KBS	0.456094253106331	0.4777995656453162	0.0011005811999711594	0.47724539254706255	0.47708622394837535	0.4790670804405109
KBS	0.538233317021029	0.46046972861905716	0.0027067119400472186	0.4629191249850654	0.46092628966890026	0.457563771203206
KBS	0.416458029674984	0.45529853400141884	0.005780576679284424	0.4492220112979093	0.46072885944520514	0.45594473126114216
MacArthur	0.248738398466596	0.2658281690639413	0.0034585777610506266	0.26649855971554265	0.2620834734213907	0.26890247405489065
MacArthur	0.0	0.2204533724993929	0.004619924876866662	0.22233649663478527	0.21518930091916597	0.22383431994422737
MacArthur	0.130236599038532	0.24344520481500162	0.005668798914725327	0.2384440090124988	0.24228843870041294	0.24960316673209315
MacArthur	0.219318009692996	0.2520786816965319	0.0029906355465915547	0.24873600659700426	0.2529991575035058	0.2545008809890856
MacArthur	0.284435043681265	0.42665892660995935	0.003760202996053789	0.43094536933661964	0.42511481553265973	0.42391659496059864
McPhee	0.453517036165193	0.4887600975916451	0.0008076700504006574	0.4896873142411404	0.48820969713598567	0.48838328139780923
McPhee	0.422297431780901	0.4916699738094768	0.0017414324243616062	0.49107831529011337	0.49030145874301484	0.4936301473953021
McPhee	0.432665491564807	0.4833150656198712	0.0005745861997630054	0.48306614229051975	0.48290691374450445	0.48397214082458934
McPhee	0.506064784503458	0.4752942970074698	0.0018034371055383038	0.4738473918924031	0.47472073970203843	0.47731475942796786
McPhee	0.540608525399099	0.467424530329859	0.0013514284427448558	0.4680072868303619	0.46838680872386906	0.46587949543534607
OCM	0.419313350103665	0.4542016813744592	0.004205141145368543	0.4496006010985009	0.4551584368298676	0.4578460061950092
OCM	0.245974367664232	0.4684514919642044	0.0009287335554713356	0.4676130117377232	0.46829171636141603	0.46944974779347387
OCM	0.450257881444913	0.47556645401562675	0.002509603611913556	0.47394508967862964	0.474297113695313	0.47845715867293764
OCM	0.487683424488871	0.48616981108213514	0.0027083880756005436	0.48771057030505033	0.4830425454465333	0.48775631749482184
OCM	0.533450953300812	0.4665961332203667	0.003450101256460852	0.4705431002924497	0.46509093045347105	0.46415436891517925
Tiri	0.291879214704246	0.17629457463594145	0.002251207310343689	0.17889345636646728	0.17494723108600188	0.17504303645535524
Tiri	0.0	0.15775945041824088	0.0032649939580999343	0.16148971092821543	0.15542097785347947	0.1563676624730277
TT	0.52420561038117	0.44411676181662124	0.006031562540343668	0.439441871238626	0.4509250901549622	0.44198332405627555
TT	0.432519393004164	0.4632678390610883	0.0013012304934305757	0.4624635847299616	0.464769094074166	0.4625708383791373
TT	0.472729646161472	0.43305991753208933	0.0009934139188715846	0.4341972841763018	0.43262034289165235	0.43236212552831377
TT	0.513658695388088	0.4245443919411964	0.0037363437801683714	0.42639925493494324	0.42699036781661354	0.4202435530720324
TT	0.549270377466638	0.4609209278419359	0.0005273470092416017	0.46044718014083497	0.46148911303387424	0.46082649035109835
Whitehall	0.42258684989314	0.466146619636653	0.0006206109483386506	0.4659266632096943	0.4656659436984687	0.46684725200179594
Whitehall	0.496288560415279	0.47424123489003334	0.0017295885698222309	0.47435884223358454	0.475909018315805	0.4724558441207104
Whitehall	0.293287731651654	0.4684398855937615	0.0015868200495684364	0.4689342773672755	0.4666647235914038	0.469720655822605
Whitehall	0.523231431955031	0.4723252731766707	0.0050780922878482	0.4768026821481209	0.47336553620537564	0.46680760117651576
Whitehall	0.36106322138361	0.42190490653565177	0.0035104243148873933	0.4185533589159639	0.42160623731383445	0.42555512337715706
With	0.174589932474464	0.1914792865822431	0.0030176223697610644	0.1887173843746501	0.1910204097285251	0.19470006564355413
With	0.302359705186687	0.20271976515257298	0.0024092076333832786	0.2052994520014156	0.2005281494497002	0.20233169400660309
With	0.0756988272202362	0.18282864182227368	0.0010072032498511293	0.18370883687773895	0.18173021239894313	0.18304687619013896
With	0.219318009692996	0.23837436221998773	0.0049791375657970895	0.23713630154248824	0.2341310664468591	0.24385571867061578
With	0.302062500710633	0.17337325565161285	0.002951259606675194	0.17163014897965798	0.17678077381653257	0.1717088441586479
