pop	Y	Mean	stdev	rep_1	rep_2	rep_3
Bella	0.0756988272202362	0.1016443934431463	0.005792911560752976	0.09746779253325993	0.09920778196741528	0.10825760582876369
Bella	0.153428877072524	0.15017425545269858	0.0025000020492394206	0.15192452231522888	0.1473110489144659	0.15128719512840097
Bella	0.286863621162919	0.18653734362585825	0.011754623787783247	0.17313866185167226	0.19135847381446933	0.19511489521143316
Bella	0.227096481660709	0.12009065706930803	0.005627335225325386	0.1136773723915476	0.12420241623473074	0.12239218258164575
Caesar	0.457381869301113	0.46570748532882517	0.0016189480974567357	0.46629123930234434	0.4669535993745684	0.4638776173095627
Caesar	0.604409641421861	0.421890995631175	0.0026225733781486253	0.42248471390501796	0.41902246095440554	0.4241658120341016
Caesar	0.520130076602277	0.4526855769502111	0.003369979279664424	0.4546222608873416	0.4546401961242396	0.44879427383905207
Caesar	0.534427327282805	0.4593961998910461	0.0026761626880549175	0.45770386732958457	0.45800320235262465	0.462481529990929
Center Hill	0.53802188375706	0.4495328981092375	0.0016468926489303813	0.44883948681280567	0.4514131098635992	0.4483460976513076
Center Hill	0.511207057816235	0.4561901534583361	0.0050008465568128265	0.46062277324534134	0.4571788985803789	0.45076878854928787
Center Hill	0.459167047065327	0.4669371906788799	0.003936632221230528	0.470941691067672	0.46679774904210675	0.46307213192686086
Center Hill	0.443738158327438	0.45688164201886455	0.001037417255421831	0.4560631614631839	0.4565333852691024	0.45804837932430725
Center Hill	0.528974034622642	0.44862719044214466	0.004058691359398934	0.44467619699482824	0.44841975023695996	0.4527856240946459
Dalton	0.562695256213395	0.4692986003520209	0.0028876141408046836	0.46620238584423207	0.46977506997243385	0.47191834523939674
Dalton	0.450982894323551	0.4226769065000983	3.3005231928777006e-05	0.42263883875030084	0.4226943655246257	0.4226975152253683
Dalton	0.555808325099789	0.47862348810683014	0.00023896028285977413	0.4786266136915109	0.47838298036303717	0.47886087026594254
Dalton	0.399560513454465	0.4799277796701127	0.0006934179477921131	0.480728458074326	0.47953118480906975	0.47952369612694223
Dalton	0.390667632899882	0.4676311259385731	0.0022575978911201153	0.4658149697992579	0.4701587505176619	0.4669196574987996
Gav	0.143619182472759	0.20560831987737113	0.0029718205049119118	0.20834229661311932	0.20244529545203446	0.2060373675669595
Gav	0.0545377718182961	0.2031913756134672	0.007468231364823587	0.20043589037066892	0.1974923989719539	0.2116458374977787
Gen Butler	0.543164441266837	0.4543857521202508	0.0031707160633984567	0.45160673460657114	0.45783953716642045	0.4537109845877608
Gen Butler	0.512652964721283	0.47911806642860366	0.004190034477004252	0.4791531795575925	0.47491058573357725	0.4832904339946411
Gen Butler	0.444661216420713	0.482687978147002	0.002941499614342674	0.48586049304400375	0.4800511104461218	0.48215233095088034
Gen Butler	0.403691742533444	0.442725698280185	0.007453881147556534	0.4445581181401176	0.43452649293249446	0.4490924837679429
HV	0.484836919000158	0.4740452357987633	0.0005156299079267124	0.4745542718627483	0.47352325577672266	0.4740581797568189
HV	0.409355627531309	0.4350709709121041	0.004157567952893742	0.4309934109726477	0.4349153261307793	0.4393041756328854
HV	0.619309098621145	0.4243929826805017	0.0016083342644502283	0.4241046907668957	0.42294829103213005	0.4261259662424791
HV	0.520132122195118	0.46029412012413623	0.002138694577220943	0.4608188517616743	0.4621216124407581	0.45794189616997644
HV	0.452583822839331	0.46584437165027986	0.003398261975481568	0.4626415128851875	0.4654825241159962	0.469409077949656
Hwy 27	0.205935426258769	0.28258470062295515	0.004698020389805096	0.2873559829828518	0.277963540696803	0.2824345781892106
Hwy 27	0.161176919084408	0.2681454600977026	0.009726203892478249	0.2782927477898585	0.2672399641049913	0.258903668398258
Hwy 27	0.182337974486348	0.23373618384450467	0.006262056057738864	0.23963665873997925	0.2271663272073816	0.2344055655861532
Hwy 27	0.0756988272202362	0.24573574846098778	0.006872855521701258	0.24615029837054878	0.23866500103947869	0.2523919459729359
Hwy 27	0.273481037728692	0.2209656149427562	0.0031738388424246726	0.21733956578987423	0.22323915950068177	0.2223181195377126
KBS	0.317733235867031	0.43600728068494093	0.004107144433701211	0.440089950816843	0.43605579940450667	0.4318760918334731
KBS	0.500917956131659	0.48603173144270406	0.0010601924808631687	0.48588980160889356	0.48715573958673	0.48504965313248866
KBS	0.456094253106331	0.4808004100477392	0.003053168736015977	0.4832747307175954	0.48173813873242277	0.4773883606931995
KBS	0.538233317021029	0.4687471456424431	0.004561874008480677	0.46711616508331333	0.47390033361560735	0.46522493822840866
KBS	0.416458029674984	0.45383463402350244	0.005286703533619354	0.45489186567085965	0.4480992024564685	0.4585128339431792
MacArthur	0.248738398466596	0.2650580729176655	0.004270031525836779	0.26780578505803726	0.26013869463955586	0.2672297390554032
MacArthur	0.0	0.20011011948067667	0.005836597768072768	0.20238625994986226	0.19347839272882017	0.20446570576334752
MacArthur	0.130236599038532	0.22999796528531302	0.006116450299346748	0.22951725580158736	0.2241360538039952	0.23634058625035645
MacArthur	0.219318009692996	0.25693961080754163	0.00483259992336162	0.2596302272902578	0.25136057380462157	0.2598280313277454
MacArthur	0.284435043681265	0.41889314857261023	0.006372129714704537	0.4215688960957216	0.42349112508674736	0.41161942453536166
McPhee	0.453517036165193	0.4871659670313144	0.0006818744978007239	0.4864035295977051	0.48737698086973863	0.4877173906264994
McPhee	0.422297431780901	0.4890641318561321	0.0026084430723390365	0.48972560558629763	0.4861886327939356	0.4912781571881631
McPhee	0.432665491564807	0.48478689426464944	0.001931611782908286	0.48256162901127936	0.4857681115422389	0.4860309422404301
McPhee	0.506064784503458	0.4788882542637305	0.002653765286677901	0.4758463826533269	0.48008867013797285	0.4807297099998917
McPhee	0.540608525399099	0.4689398365908472	0.0027611611232315854	0.466766302256278	0.4720467082407718	0.46800649927549176
OCM	0.419313350103665	0.4563335454321599	0.0024996441064760555	0.4576157594450582	0.45793189507362464	0.4534529817777968
OCM	0.245974367664232	0.4674786690786883	0.0023645045109513003	0.46559245861752846	0.46671223075777035	0.4701313178607659
OCM	0.450257881444913	0.4838645950941842	0.002954067018025718	0.4835054591320634	0.4811065147015414	0.4869818114489478
OCM	0.487683424488871	0.48387852960027905	0.00026379773042087805	0.48365168596517105	0.4838158954140064	0.48416800742165983
OCM	0.533450953300812	0.4766348972178274	0.0009270231513935889	0.4759686082806665	0.47624249622788556	0.47769358714493027
Tiri	0.291879214704246	0.18275525943349455	0.0026450332629710926	0.18121483486802983	0.18124150147105988	0.18580944196139387
Tiri	0.0	0.15108501057331278	0.0057551733345388625	0.150184582796032	0.145833124631714	0.15723732429219225
TT	0.52420561038117	0.4396017136773171	0.0016614864741454616	0.4413328317016256	0.4394523669892707	0.438019942341055
TT	0.432519393004164	0.4654448166852039	0.004585987512165882	0.460656723987054	0.46588006041604896	0.4697976656525087
TT	0.472729646161472	0.427521756315479	0.0011579631384584683	0.42818939787708876	0.42618465606765754	0.42819121500169066
TT	0.513658695388088	0.42124078497273115	0.005617324206585951	0.4228647127578928	0.425867246877505	0.41499039528279585
TT	0.549270377466638	0.4610021011492092	0.006338536410445067	0.4576626619928712	0.46831213573785196	0.45703150571690454
Whitehall	0.42258684989314	0.4608543551578916	0.004078002826461751	0.4563519428772992	0.46191127498649015	0.46429984760988535
Whitehall	0.496288560415279	0.47746228253486556	0.0030700558800354975	0.4784468283899604	0.4799192883667698	0.4740207308478666
Whitehall	0.293287731651654	0.45683245163107467	0.0009260403671865302	0.45771550652389364	0.455868706506048	0.45691314186328225
Whitehall	0.523231431955031	0.4763812985865232	0.0021979263127482537	0.4762219074345524	0.4786545816172905	0.4742674067077269
Whitehall	0.36106322138361	0.422203297803573	0.0021285548730023327	0.4243020441784518	0.42004613691633197	0.42226171231593546
With	0.174589932474464	0.19441001094378654	0.0028269517330923337	0.1969451660648792	0.19136159159205493	0.19492327517442554
With	0.302359705186687	0.2002196313730522	0.003539819535138696	0.1988986459537245	0.1975302628195005	0.20422998534593165
With	0.0756988272202362	0.178413482247781	0.0014903173305684044	0.18004380367637124	0.17712126307228626	0.1780753799946855
With	0.219318009692996	0.22517494029107166	0.0034811282724403216	0.22178664298652995	0.22874201047966214	0.22499616740702286
With	0.302062500710633	0.1838457584101367	0.004130102249339067	0.1863709813288059	0.17907955144072013	0.18608674246088405
